35.36120 -105.56766
35.33006 -105.63377
35.29755 -105.71529
35.24829 -105.77119
35.18228 -105.80145
35.13422 -105.77166
35.04165 -105.74377
34.96719 -105.72609
34.89273 -105.70840
34.79677 -105.71909
34.71401 -105.72372
34.64970 -105.73470
34.58538 -105.74568
34.50889 -105.75114
34.43104 -105.77202
34.38585 -105.78164
34.31596 -105.78407
34.24606 -105.78651
34.17650 -105.78508
34.10966 -105.75280
34.06364 -105.69987
33.99950 -105.61449
33.93538 -105.55326
33.88377 -105.49361
33.81270 -105.43910
33.72775 -105.39808
33.64974 -105.35032
33.55159 -105.31525
33.44718 -105.27939
33.34276 -105.24354
33.26306 -105.21458
33.18335 -105.18560
33.09984 -105.16376
33.01632 -105.14192
32.95405 -105.13034
32.89177 -105.11875
32.81799 -105.09433
32.74420 -105.06989
32.65028 -105.05816
32.58174 -105.04579
32.51320 -105.03342
32.44847 -105.01949
32.38374 -105.00556
32.31207 -104.99955
32.24040 -104.99354
32.15409 -104.97026
32.06779 -104.94699
31.95085 -104.83761
31.86794 -104.77852
31.78502 -104.71941
31.69932 -104.65637
31.61361 -104.59333
31.54499 -104.55032
31.47638 -104.50730
31.42307 -104.46931
31.36977 -104.43132
31.31156 -104.37806
31.25336 -104.32480
31.19058 -104.25256
31.12781 -104.18033
31.05319 -104.09966
30.98483 -104.01952
30.89053 -103.96311
30.84933 -103.83351
30.82064 -103.74949
30.79195 -103.66546
30.76326 -103.58144
30.73457 -103.49741
30.70506 -103.42443
30.67555 -103.35146
30.64120 -103.21503
30.61800 -103.14259
30.59479 -103.07016
30.55143 -102.97414
30.48863 -102.88071
30.41485 -102.76427
30.32576 -102.68362
30.22983 -102.60984
30.16872 -102.57935
30.10761 -102.54885
29.99115 -102.46062
29.87991 -102.42361
29.80017 -102.38892
29.74400 -102.37759

