42.99578 -121.87479
42.99578 -121.87479
42.93776 -121.88586
42.87974 -121.89694
42.80867 -121.91139
42.73176 -121.92342
42.66389 -121.95672
42.59735 -121.98181
42.53747 -121.96582
42.46774 -121.97205
42.40599 -121.92899
42.35995 -121.86613
42.31390 -121.80327
42.26972 -121.76748
42.18828 -121.76888
42.09965 -121.77606
42.04296 -121.77892
41.99026 -121.89304
41.91947 -121.83179
41.87156 -121.74512
41.82232 -121.66649
41.76323 -121.60972
41.71705 -121.58778
41.67087 -121.56586
41.58890 -121.53448
41.52675 -121.51499
41.46461 -121.49549
41.37811 -121.45387
41.30012 -121.39841
41.25395 -121.37647
41.20777 -121.35454
41.14722 -121.34420
41.08667 -121.33385
41.02493 -121.29315
40.97476 -121.29531
40.92458 -121.29748
40.86696 -121.28825
40.80934 -121.27903
40.75239 -121.26579
40.69543 -121.25254
40.61931 -121.22342
40.56116 -121.17982
40.50300 -121.13622
40.42768 -121.06470
40.39148 -120.98055
40.38402 -120.91389
40.34662 -120.80291
40.30922 -120.69193
40.27489 -120.63783
40.23736 -120.56551
40.19850 -120.50134
40.13888 -120.41324
40.11173 -120.35287
40.07101 -120.26231
40.01325 -120.20061
39.95869 -120.17452
39.88976 -120.14583
39.82215 -120.10916
39.74151 -120.07702
39.69014 -120.05350
39.63691 -120.00437
39.60048 -119.96665
39.56392 -119.88114
39.52371 -119.81953
39.44993 -119.81474
39.36427 -119.80649
39.29399 -119.81934
39.22860 -119.80034
39.16916 -119.78307
39.10255 -119.77204
39.02650 -119.74161
38.94083 -119.73337
38.86722 -119.68701
38.81495 -119.66350
38.75812 -119.58874
38.68451 -119.54238
38.63940 -119.51264
38.56335 -119.48221
38.50758 -119.44104
38.50197 -119.35620
38.50231 -119.27309
38.46559 -119.22913
38.38465 -119.23058
38.32154 -119.23720
38.25965 -119.23586
38.20126 -119.25217
38.15004 -119.26226
38.06559 -119.24604
38.00388 -119.20314
37.93027 -119.16346
37.85666 -119.11971
37.78777 -119.08529
37.74267 -119.05717
37.68584 -118.98093
37.67062 -118.92013
37.64124 -118.83128
37.61535 -118.75961
37.57147 -118.72387
37.52758 -118.68813
37.47775 -118.65087
37.39470 -118.58875
37.34784 -118.55225
37.30098 -118.51575
37.23577 -118.45826
37.17056 -118.40076
37.11355 -118.36976
37.06784 -118.34574
37.02211 -118.32172
36.94484 -118.30172
36.89256 -118.28006
36.82123 -118.26160
36.73207 -118.23852
36.67262 -118.22314
36.59063 -118.19379
36.51929 -118.17532
36.47235 -118.15912
36.42541 -118.14290
36.33747 -118.11201
36.25197 -118.06551
36.17715 -118.02990
36.11298 -118.00517
36.03589 -117.96175
35.93977 -117.93441
35.86166 -117.91577
35.81028 -117.92714
35.75890 -117.93850
35.70152 -117.94843
35.64462 -117.99785
35.58799 -118.03822
35.53537 -118.09668
35.48537 -118.10044
35.43781 -118.08897
35.37837 -118.07463
35.30215 -118.08788
35.22120 -118.09207
35.16282 -118.10962
35.13162 -118.16930
35.10042 -118.22897
35.04064 -118.29359
35.00341 -118.37157
34.96024 -118.44812
34.90746 -118.54607
34.86323 -118.59074
34.81411 -118.66586
34.76272 -118.71670
34.76833 -118.79710
34.78949 -118.85754
34.79999 -118.90750
34.84510 -118.93419
34.86643 -118.95515
34.91398 -118.96661
34.94143 -118.94951
34.96292 -118.93098
34.97499 -118.89436
34.98477 -118.83348
35.00522 -118.78307
35.02444 -118.74028
35.04839 -118.70653
35.08877 -118.72417
35.12077 -118.75561
35.15993 -118.78086
35.19438 -118.79707
35.23721 -118.79948
35.26466 -118.78239
35.32182 -118.77246
35.35399 -118.76440
35.39805 -118.75922
35.43021 -118.75116
35.47532 -118.77785
35.50854 -118.80167
35.54404 -118.84975
35.56992 -118.91924
35.59230 -118.97207
35.64441 -119.03211
35.68358 -119.05730
35.72396 -119.07490
35.77274 -119.07875
35.81680 -119.07359
35.86802 -119.06227
35.91452 -119.04195
35.96102 -119.02161
36.00158 -119.02577
36.04686 -119.01346
36.08619 -118.99445
36.15997 -119.00290
36.22535 -119.02019
36.26696 -119.03120
36.33463 -119.07338
36.38271 -119.10229
36.43079 -119.13120
36.49128 -119.17958
36.56367 -119.23111
36.61700 -119.28569
36.67391 -119.33718
36.73082 -119.38866
36.78468 -119.45958
36.83853 -119.53049
36.88470 -119.59129
36.93085 -119.65207
37.00552 -119.72849
37.04573 -119.78770
37.08595 -119.84691
37.13212 -119.90769
37.20083 -119.98254
37.25035 -120.03397
37.29986 -120.08542
37.32062 -120.10725
37.37705 -120.17118
37.42256 -120.19154
37.46807 -120.21188
37.53754 -120.27119
37.60701 -120.33048
37.65971 -120.34463
37.72518 -120.42725
37.77894 -120.50672
37.81328 -120.55659
37.84761 -120.60646
37.87836 -120.65943
37.90910 -120.71239
37.95568 -120.79807
38.00093 -120.93429
38.03659 -120.95605
38.07226 -120.97781
38.12948 -121.00066
38.18671 -121.02351
38.24300 -121.03928
38.29929 -121.05504
38.36077 -121.07681
38.42225 -121.09857
38.48892 -121.12634
38.55559 -121.15411
38.61481 -121.17091
38.67403 -121.18771
38.72380 -121.20533
38.77357 -121.22295
38.86007 -121.26191
38.90625 -121.28242
38.95243 -121.30293
39.00127 -121.30773
39.05010 -121.31252
39.13021 -121.31591
39.18584 -121.33560
39.24146 -121.35530
39.30720 -121.37024
39.35764 -121.38393
39.40807 -121.39762
39.47248 -121.42043
39.53689 -121.44324
39.60183 -121.49953
39.66092 -121.55377
39.66864 -121.58148
39.72959 -121.66135
39.80438 -121.69616
39.87385 -121.76239
39.90100 -121.82197
39.91191 -121.86746
39.93453 -121.91711
39.98457 -121.95148
40.04898 -121.88515
40.10487 -121.92361
40.15358 -121.96787
40.17817 -122.00811
40.20275 -122.04836
40.23597 -122.06982
40.29948 -122.09446
40.33269 -122.11594
40.37883 -122.09948
40.41341 -122.07854
40.49567 -122.10186
40.54186 -122.11977
40.61549 -122.15692
40.64293 -122.17616
40.73085 -122.13297
40.77692 -122.08215
40.84895 -122.02420
40.98343 -121.99484
41.07339 -121.97800
41.12355 -121.97583
41.17372 -121.97366
41.26102 -121.97289
41.24133 -122.03900
41.27466 -122.12923
41.30078 -122.22523
41.31244 -122.29846
41.35154 -122.39093
41.40784 -122.42136
41.47713 -122.44823
41.56659 -122.46577
41.62936 -122.47723
41.69213 -122.48869
41.77296 -122.52004
41.84659 -122.55719
41.90867 -122.58987
41.98230 -122.62702
42.03283 -122.54163
42.11652 -122.55908
42.19300 -122.58233
42.25223 -122.63361
42.31728 -122.72258
42.31728 -122.72258
42.35061 -122.81589
42.39828 -122.86232
42.49060 -122.86576
42.53891 -122.85517
42.58721 -122.84457
42.67085 -122.82674
42.72847 -122.78039
