35.66312 -106.82381
35.59087 -106.86279
35.52107 -106.87088
35.47621 -106.88166
35.40017 -106.88908
35.34407 -106.88306
35.24688 -106.91936
35.13661 -106.96207
35.06374 -106.99121
34.98403 -107.06149
34.95041 -107.08826
34.89124 -107.11974
34.82021 -107.14213
34.76227 -107.15838
34.67816 -107.18693
34.61337 -107.21006
34.55604 -107.21870
34.48501 -107.24110
34.42645 -107.26496
34.36728 -107.29642
34.27633 -107.33185
34.18231 -107.40531
34.15686 -107.48680
34.09340 -107.57153
34.07296 -107.66896
34.03822 -107.78776
34.02524 -107.87071
34.00296 -107.99097
34.01618 -108.12030
34.01431 -108.20471
33.99932 -108.25177
33.98654 -108.31797
33.96684 -108.39095
33.92784 -108.46934
33.86808 -108.56802
33.80685 -108.68156
33.76093 -108.76673
33.74395 -108.84375
33.72698 -108.92077
33.73056 -109.03490
33.77053 -109.13865
33.84072 -109.25420
33.88562 -109.33979
33.93052 -109.42537
33.98832 -109.53918
34.05231 -109.66445
34.09848 -109.77178
34.13080 -109.89246
34.15434 -109.99176
34.17788 -110.09106
34.18930 -110.18562
34.20070 -110.28017
34.21628 -110.42178
34.23102 -110.57100
34.24828 -110.69739
34.26637 -110.81617
34.29229 -110.92068
34.36817 -111.01212
34.43623 -111.13338
34.46046 -111.25476
34.46292 -111.40355
34.47934 -111.53918
34.50358 -111.66055
34.58786 -111.69096
34.69754 -111.71801
34.79604 -111.78995
34.86021 -111.83244
34.90345 -111.89469
34.91069 -111.94281
34.95828 -112.02696
34.96671 -112.10680
34.97729 -112.21837
34.98571 -112.29821
35.00238 -112.41085
35.03315 -112.51033
35.07510 -112.61961
35.10587 -112.71909
35.08685 -112.77055
35.05587 -112.86692
35.07234 -112.93252
35.12262 -112.97905
35.17290 -113.02558
35.22672 -113.06772
35.28053 -113.10985
35.33336 -113.15957
35.38619 -113.20929
35.45029 -113.29247
35.48518 -113.40861
35.52713 -113.51841
35.58927 -113.61676
35.66338 -113.67081
35.73649 -113.73247
35.75296 -113.79813
35.78471 -113.89027
35.81698 -113.96220
35.84924 -114.03414
35.89318 -114.07442
35.96782 -114.07413
36.04628 -114.05464
36.12474 -114.03514
36.23503 -114.00292
36.31570 -114.00431
36.39638 -114.00571
36.46615 -113.99026
36.52673 -113.95540
36.58730 -113.92052
36.64788 -113.88564
36.70845 -113.85076
36.76345 -113.81071
36.81844 -113.77065
36.86422 -113.70469
36.90999 -113.63872
36.94460 -113.56239
36.97920 -113.48606
37.04861 -113.38129
37.11114 -113.33089
37.20720 -113.31158
37.31953 -113.31173
37.40559 -113.32218
37.45519 -113.32484
37.52077 -113.27509
37.58635 -113.22533
37.65290 -113.16781
37.71946 -113.11028
37.77691 -113.04101
37.83435 -112.97173
37.90041 -112.91586
37.96648 -112.85999
38.04265 -112.80437
38.11881 -112.74875
38.23095 -112.69746
38.31731 -112.65322
38.40366 -112.60899
38.50776 -112.57267
38.61186 -112.53636
38.72615 -112.51888
38.82201 -112.44748
38.88142 -112.36835
38.94082 -112.28922
38.99924 -112.21823
39.05767 -112.14723
39.14344 -112.08203
39.22921 -112.01682
39.30896 -111.95717
39.38870 -111.89752
39.47747 -111.85799
39.56624 -111.81846
39.64622 -111.77293
39.72620 -111.72741
39.72620 -111.72741
39.79432 -111.67524
39.76252 -111.61874
39.77874 -111.52248
39.85442 -111.39714
39.94685 -111.29194
39.98090 -111.26585
39.97618 -111.19011
39.98542 -111.10069
40.04934 -111.02193
40.11436 -111.06259
40.17493 -111.08507
40.26897 -111.14954
40.32422 -111.16222
40.39596 -111.13580
40.40688 -111.02682
40.35725 -110.91788
40.34555 -110.84933
40.37098 -110.75475
40.39641 -110.66017
40.42701 -110.54587
40.45761 -110.43156
40.48304 -110.33699
40.50847 -110.24241
40.56128 -110.09507
40.60153 -109.99872
40.55244 -109.91495
40.51173 -109.80798
40.47721 -109.70219
40.48601 -109.60466
40.49480 -109.50713
40.50832 -109.42704
40.52183 -109.34695
40.52265 -109.19829
40.49684 -109.13550
40.45825 -109.14467
40.40760 -109.21768
40.38212 -109.22109
40.34866 -109.17337
40.30868 -109.05827
40.29419 -108.96619
40.29208 -108.84966
40.30161 -108.74321
40.34386 -108.69160
40.38538 -108.64818
40.42910 -108.58019
40.42259 -108.51279
40.39825 -108.43433
40.38083 -108.34865
40.34557 -108.25192
40.28923 -108.11044
40.22630 -108.04266
40.16916 -107.99125
40.08372 -107.95337
40.00391 -107.92462
39.92787 -107.94286
39.87800 -107.93590
39.80381 -107.91746
39.74709 -107.91760
39.70028 -107.87070
39.67340 -107.81045
39.65337 -107.74307
39.64080 -107.66061
39.60513 -107.55069
39.53523 -107.47635
39.44478 -107.42336
39.38428 -107.39069
39.29016 -107.38560
39.22880 -107.40528
39.16743 -107.42495
39.10764 -107.46503
39.01424 -107.53269
38.94944 -107.55592
38.87096 -107.59338
38.80800 -107.59265
38.71889 -107.60441
38.60606 -107.59672
38.51756 -107.60049
38.43713 -107.58118
38.36733 -107.58757
38.28323 -107.61618
38.23468 -107.67397
38.18246 -107.77966
38.16264 -107.87376
38.10357 -107.98657
38.04439 -108.05859
37.96574 -108.08737
37.90639 -108.11916
37.83393 -108.15714
37.77278 -108.14137
37.73093 -108.12020
37.66067 -108.13480
37.59733 -108.14241
37.54603 -108.08848
37.53138 -107.96920
37.49704 -107.92545
37.45269 -107.84894
37.45258 -107.77022
37.48610 -107.66431
37.51277 -107.56541
37.52953 -107.51246
37.48799 -107.44025
37.44645 -107.36802
37.45881 -107.29089
37.49110 -107.20058
37.45799 -107.14124
37.39003 -107.12467
37.36377 -107.05835
37.35743 -106.97290
37.33556 -106.93037
37.28936 -106.87704
37.23571 -106.83887
37.17644 -106.79205
37.13025 -106.73872
37.08027 -106.65293
37.01415 -106.61333
36.91747 -106.56223
36.83571 -106.48080
36.74026 -106.41383
36.66729 -106.38145
36.57195 -106.39455
36.46914 -106.42280
36.42499 -106.50580
36.39208 -106.60611
36.35049 -106.73745
36.31942 -106.81395
36.23971 -106.86887
36.13006 -106.90434
36.02163 -106.92393
35.93435 -106.89185
35.84523 -106.90565
35.75295 -106.88018
35.69685 -106.87416
35.65065 -106.82247
35.66312 -106.82381
