48.98095 -113.55933
48.98095 -113.55933
48.94990 -113.50243
48.88075 -113.44553
48.79831 -113.39323
48.73229 -113.36220
48.66626 -113.33117
48.57289 -113.26469
48.48069 -113.18882
48.41877 -113.12492
48.37132 -113.04704
48.32249 -112.96549
48.26527 -112.86855
48.21527 -112.76436
48.11332 -112.67174
48.05511 -112.66824
47.99689 -112.66476
47.88789 -112.63062
47.77771 -112.60556
47.67241 -112.59144
47.58528 -112.58301
47.51984 -112.55310
47.43018 -112.51561
47.38995 -112.43706
47.36028 -112.27702
47.33297 -112.09886
47.31685 -111.95125
47.29025 -111.85385
47.26364 -111.75645
47.23463 -111.62547
47.20563 -111.49448
47.19285 -111.38730
47.18006 -111.28011
47.16833 -111.16386
47.15660 -111.04762
47.15046 -110.93530
47.14432 -110.82298
47.12461 -110.66778
47.06504 -110.52982
47.01891 -110.46577
46.97278 -110.40170
46.92054 -110.33597
46.86829 -110.27024
46.81458 -110.19006
46.77604 -110.14211
46.71384 -110.13454
46.66069 -110.15753
46.60518 -110.25478
46.56905 -110.34795
46.51697 -110.36187
46.44255 -110.35098
46.34979 -110.33508
46.24692 -110.29771
46.14911 -110.27108
46.06353 -110.24778
45.97688 -110.27119
45.90540 -110.28964
45.82885 -110.29774
45.77889 -110.29433
45.71401 -110.20554
45.67865 -110.13318
45.63130 -110.00339
45.60282 -109.91264
45.57434 -109.82191
45.51332 -109.68024
45.48841 -109.55656
45.45716 -109.46294
45.42590 -109.36932
45.40286 -109.22801
45.38169 -109.06908
45.36857 -108.89207
45.36247 -108.79980
45.35637 -108.70752
45.32192 -108.55385
45.29364 -108.40169
45.26641 -108.29971
45.23917 -108.19773
45.19237 -108.04104
45.16733 -107.95300
45.14230 -107.86496
45.06486 -107.73765
45.01639 -107.67616
44.96793 -107.61465
44.92691 -107.54140
44.88588 -107.46814
44.80141 -107.34817
44.75646 -107.28300
44.71151 -107.21785
44.61378 -107.10371
44.52525 -107.02799
44.44295 -106.98605
44.37730 -106.94242
44.31165 -106.89880
44.24006 -106.88564
44.16846 -106.87249
44.04936 -106.85963
43.97886 -106.86650
43.90834 -106.87337
43.80549 -106.89071
43.68858 -106.92313
43.60358 -106.95229
43.53566 -107.02921
43.44283 -107.06998
43.36083 -107.13076
43.32024 -107.15685
43.22766 -107.12737
43.13833 -107.06345
43.06144 -107.00231
42.97833 -106.94115
42.92012 -106.88739
42.86029 -106.85085
42.80290 -106.78848
42.74712 -106.70889
42.71083 -106.62390
42.72192 -106.57329
42.75598 -106.41286
42.78843 -106.26967
42.78434 -106.11144
42.76377 -105.99306
42.72224 -105.91615
42.68070 -105.83923
42.59356 -105.73706
42.50642 -105.63490
42.41859 -105.54134
42.32738 -105.49085
42.23753 -105.42313
42.14496 -105.38987
42.03648 -105.39752
41.95508 -105.40881
41.86606 -105.41153
41.78398 -105.40688
41.69006 -105.39185
41.60307 -105.36946
41.52099 -105.36481
41.45211 -105.35378
41.35818 -105.33876
41.26494 -105.31537
41.18946 -105.30753
41.11398 -105.29969
41.00618 -105.29940
40.88517 -105.30547
40.78718 -105.34066
40.72075 -105.33851
40.65432 -105.33636
40.58934 -105.35564
40.52435 -105.37491
40.46037 -105.38163
40.39640 -105.38835
40.27894 -105.42891
40.21565 -105.42726
