48.96038 -122.16727
48.90913 -122.19852
48.85980 -122.22074
48.79720 -122.24547
48.76873 -122.25946
48.73083 -122.25789
48.70053 -122.25057
48.66271 -122.21867
48.64007 -122.17528
48.62503 -122.12612
48.60999 -122.07698
48.58545 -122.04259
48.56273 -122.02953
48.52668 -122.04927
48.49629 -122.07228
48.45264 -122.09778
48.41474 -122.09621
48.38444 -122.08889
48.34278 -122.07504
48.30311 -122.02184
48.31768 -121.97844
48.26142 -121.90641
48.21490 -121.84995
48.16801 -121.76315
48.11175 -121.69112
48.05587 -121.64942
48.00039 -121.63806
47.95285 -121.74881
47.90350 -121.77124
47.85057 -121.81113
47.79906 -121.81306
47.74754 -121.81499
47.69782 -121.80819
47.65028 -121.82188
47.62977 -121.85947
47.60785 -121.93503
47.59311 -121.97565
47.56069 -121.97794
47.52032 -121.95671
47.49687 -121.91536
47.45830 -121.88539
47.42767 -121.87896
47.39128 -121.86950
47.34553 -121.87446
47.29581 -121.86766
47.24609 -121.86086
47.19675 -121.88329
47.18021 -121.93264
47.15612 -121.98769
47.10750 -122.02528
47.06761 -122.06251
47.03155 -122.08227
46.99358 -122.11076
46.94041 -122.15064
46.88717 -122.21976
46.85664 -122.30101
46.82611 -122.38226
46.80693 -122.46957
46.81430 -122.55154
46.83118 -122.61910
46.82152 -122.69199
46.80434 -122.74134
46.75692 -122.75504
46.71903 -122.75430
46.67361 -122.73003
46.65097 -122.68868
46.61507 -122.64999
46.57724 -122.62003
46.55085 -122.56690
46.48272 -122.53051
46.42403 -122.50891
46.37101 -122.49035
46.30848 -122.48621
46.24220 -122.47031
46.16640 -122.46884
46.11147 -122.45901
46.05653 -122.44918
46.00352 -122.43062
45.95051 -122.44106
45.89750 -122.42411
45.85207 -122.40154
45.78763 -122.40715
45.72894 -122.38740
45.65505 -122.37891
45.57550 -122.36759
45.52617 -122.39013
45.47683 -122.41267
45.42183 -122.43237
45.34595 -122.46053
45.28711 -122.49716
45.24722 -122.53380
45.19022 -122.59016
45.14089 -122.61269
45.09148 -122.66342
45.03832 -122.70287
44.98132 -122.75923
44.94518 -122.80714
44.90721 -122.83532
44.86923 -122.86349
44.82956 -122.81555
44.77847 -122.79015
44.73865 -122.79859
44.71587 -122.81551
44.68740 -122.82958
44.66086 -122.83521
44.62680 -122.81828
44.58130 -122.82390
44.55844 -122.86900
44.53742 -122.93384
44.52783 -122.97612
44.50697 -122.98457
44.47666 -122.97892
44.45019 -122.95635
44.40469 -122.96198
44.38567 -122.99016
44.37232 -123.01063
44.33803 -123.07864
44.30581 -123.08093
44.25280 -123.06284
44.17899 -123.02437
44.13350 -123.02928
44.10312 -123.05162
44.05946 -123.07658
44.01965 -123.08445
43.96840 -123.12443
43.89444 -123.14318
43.81672 -123.15087
43.73333 -123.15575
43.67648 -123.15532
43.59692 -123.14367
43.51360 -123.12096
43.42836 -123.10650
43.35640 -123.08939
43.29963 -123.06136
43.25045 -123.02785
43.18800 -123.00298
43.10667 -122.93677
43.02910 -122.89174
42.98177 -122.87889
42.97942 -122.76219
