34.45821 -119.58679
34.45821 -119.58679
34.52046 -119.57959
34.58318 -119.52550
34.60503 -119.41369
34.63065 -119.31853
34.65096 -119.26118
34.67127 -119.20381
34.68827 -119.08289
34.70208 -118.99247
34.72104 -118.92275
34.73999 -118.85303
34.75168 -118.76991
34.77411 -118.69711
34.77246 -118.66548
34.73914 -118.64204
34.70842 -118.55675
34.67286 -118.46252
34.64804 -118.37862
34.63534 -118.31707
34.62263 -118.25553
34.60645 -118.19707
34.59557 -118.10083
34.57454 -118.03343
34.56755 -117.91930
34.53669 -117.82645
34.50288 -117.75627
34.47797 -117.66482
34.45208 -117.58092
34.41827 -117.51074
34.39539 -117.45090
34.38140 -117.36977
34.39124 -117.29419
34.38916 -117.21584
34.39500 -117.12376
34.39391 -117.03785
34.38293 -116.99410
34.35109 -116.90823
34.33265 -116.83710
34.31422 -116.76595
34.29723 -116.65955
34.27330 -116.55958
34.25730 -116.44548
34.23540 -116.37756
34.21147 -116.27758
34.20541 -116.18143
34.18550 -116.12183
34.16559 -116.06223
34.14129 -115.96739
34.11342 -115.88280
34.07097 -115.81873
34.03725 -115.78798
33.97854 -115.78635
33.94668 -115.79557
33.93665 -115.88509
33.94120 -115.95450
33.94431 -116.04111
33.95037 -116.13405
33.95349 -116.24936
33.95753 -116.31131
33.96157 -116.37327
33.95573 -116.46392
33.96272 -116.50350
33.93896 -116.54484
33.92312 -116.57240
33.84676 -116.59604
33.78717 -116.53875
33.73451 -116.47514
33.69873 -116.42241
33.65798 -116.36108
33.61821 -116.29229
33.56654 -116.22123
33.52481 -116.16736
33.45730 -116.12386
33.39973 -116.09754
33.33325 -116.09248
33.28568 -116.12926
33.27082 -116.14937
33.23618 -116.22686
33.22138 -116.29286
33.20161 -116.35027
33.18779 -116.40881
33.13825 -116.46051
33.11050 -116.48579
33.12443 -116.51905
33.16714 -116.56545
33.21581 -116.61301
33.25159 -116.66574
33.30026 -116.71328
33.33702 -116.75855
33.37181 -116.81874
33.39967 -116.88525
33.42458 -116.97414
33.44053 -117.05103
33.44359 -117.12053
33.43474 -117.18742
33.42190 -117.23814
33.38427 -117.29104
33.35259 -117.34525
33.31889 -117.36844
33.28420 -117.39905
33.25743 -117.41611
