48.99449 -119.65386
48.94537 -119.60928
48.88541 -119.58910
48.83878 -119.56567
48.78130 -119.56663
48.70633 -119.55881
48.63553 -119.56301
48.57470 -119.58218
48.51803 -119.61340
48.45553 -119.64169
48.39471 -119.66087
48.30722 -119.68655
48.24472 -119.71483
48.19722 -119.73076
48.12307 -119.75318
48.06057 -119.78147
48.00725 -119.79446
47.96142 -119.86062
47.91976 -119.87929
47.88808 -119.91232
47.86304 -119.97733
47.82042 -120.05396
47.80209 -120.11292
47.78517 -120.13385
47.73942 -120.14093
47.68791 -120.14523
47.63857 -120.16994
47.58705 -120.17426
47.53374 -120.18739
47.46313 -120.19220
47.41379 -120.21693
47.36804 -120.22400
47.32267 -120.26031
47.28128 -120.30820
47.25539 -120.37323
47.22014 -120.45313
47.20975 -120.53529
47.18963 -120.60307
47.16375 -120.66811
47.12452 -120.73641
47.08595 -120.70821
47.05315 -120.68277
47.02790 -120.65128
46.98933 -120.62308
46.96985 -120.59436
46.93346 -120.58656
46.88989 -120.61405
46.87514 -120.65539
46.85284 -120.70277
46.83811 -120.74410
46.80427 -120.78594
46.75853 -120.79302
46.72033 -120.79405
46.65728 -120.79282
46.62704 -120.81702
46.60077 -120.85281
46.58026 -120.89138
46.53887 -120.93929
46.49491 -120.93754
46.44339 -120.94185
46.38431 -120.95220
46.34433 -120.96205
46.26833 -120.99332
46.23091 -121.01735
46.18734 -121.04281
46.12723 -121.11761
46.05021 -121.21255
45.97895 -121.37819
45.90372 -121.46274
45.84541 -121.52756
45.76082 -121.62620
45.71328 -121.64027
45.64985 -121.60923
45.59615 -121.59229
45.53093 -121.56971
45.48479 -121.54714
45.45019 -121.53020
45.40983 -121.51046
45.32589 -121.51607
45.26501 -121.53295
45.21567 -121.55549
45.15877 -121.58365
45.10367 -121.60337
45.02947 -121.62307
44.96066 -121.61741
44.88030 -121.60609
44.79559 -121.55531
44.75305 -121.51582
44.70512 -121.50171
44.65002 -121.52142
44.59132 -121.55805
44.52801 -121.67643
44.45740 -121.67921
44.37346 -121.68482
44.32592 -121.69890
44.22467 -121.69604
44.15048 -121.71574
44.07230 -121.72417
44.00784 -121.75797
43.94735 -121.81812
43.88430 -121.81640
43.81369 -121.82024
43.74166 -121.85950
43.65017 -121.87185
43.59506 -121.89178
43.53201 -121.89007
43.48447 -121.90444
43.41603 -121.92731
43.36272 -121.93906
43.29788 -121.94553
43.24456 -121.95727
43.20458 -121.96607
43.11090 -121.95940
43.06298 -121.94655
43.02119 -121.96355
42.99578 -121.87479
