43.16819 -121.95849
43.16704 -121.87682
43.17486 -121.75417
43.17442 -121.65479
43.17398 -121.55541
43.17168 -121.39208
43.16938 -121.22874
43.15196 -121.07655
43.14267 -120.95733
43.13339 -120.83812
43.12737 -120.74937
43.12135 -120.66061
43.09816 -120.50549
43.08927 -120.41550
43.08036 -120.32550
43.07595 -120.21476
43.07153 -120.10403
43.06660 -120.01113
43.06167 -119.91823
43.06432 -119.74818
43.05315 -119.66234
43.04198 -119.57648
43.04209 -119.45041
43.03556 -119.29446
43.02903 -119.13853
43.02499 -119.00167
43.00594 -118.87647
42.98435 -118.79629
42.94280 -118.69046
42.89460 -118.55513
42.85305 -118.44930
42.81063 -118.37908
42.80566 -118.34122
42.74749 -118.19308
42.68175 -118.11391
42.58855 -118.01521
42.48217 -117.94376
42.41604 -117.85625
42.35118 -117.79601
42.27165 -117.71236
42.19805 -117.63096
42.10823 -117.53448
42.05239 -117.45979
41.97597 -117.34679
41.91139 -117.25516
41.85711 -117.17575
41.80748 -117.07203
41.75475 -116.97666
41.73219 -116.83010
41.74208 -116.71191
41.75351 -116.58557
41.76368 -116.43275
41.75550 -116.34315
41.73704 -116.24139
41.69770 -116.14990
41.66273 -116.06858
41.61990 -115.96893
41.59436 -115.93443
41.59506 -115.82238
41.60197 -115.74697
41.63846 -115.64699
41.66016 -115.55930
41.70119 -115.46948
41.71835 -115.37162
41.71762 -115.26773
41.68420 -115.17010
41.65531 -115.08263
41.61280 -114.93594
41.59156 -114.87828
41.59822 -114.76852
41.60251 -114.74398
41.65069 -114.61182
41.68743 -114.54507
41.76736 -114.48219
41.82486 -114.40425
41.86303 -114.32934
41.90239 -114.21181
41.91763 -114.05298
41.92545 -113.94837
41.96500 -113.85709
42.04555 -113.80904
42.14074 -113.72310
42.21141 -113.67392
42.28336 -113.61628
42.34322 -113.55492
42.40437 -113.48510
42.45343 -113.41158
42.51750 -113.28063
42.56483 -113.19771
42.61215 -113.11478
42.66743 -113.02734
42.72272 -112.93990
42.79375 -112.84438
42.86479 -112.74888
42.92291 -112.67632
42.98103 -112.60375
43.07403 -112.48766
43.12328 -112.39085
43.17253 -112.29404
43.21078 -112.20752
43.24905 -112.12100
43.30219 -111.99860
43.33308 -111.91051
43.36397 -111.82240
43.36740 -111.79709
