31.96359 -114.86085
32.00083 -114.88320
31.99167 -114.88320
31.94468 -114.87175
31.87879 -114.82763
31.83181 -114.73939
31.79457 -114.67291
31.74701 -114.59614
31.72868 -114.52968
31.67195 -114.46321
31.60606 -114.36409
31.62498 -114.34175
31.62498 -114.31997
31.55909 -114.29764
31.52127 -114.22028
31.47371 -114.12116
31.44564 -114.01058
31.45538 -113.90057
31.47371 -113.82322
31.48345 -113.73499
31.43647 -113.64675
31.39866 -113.59118
31.30411 -113.58029
31.26630 -113.50294
31.24740 -113.37059
31.20958 -113.26001
31.19067 -113.16089
31.12421 -113.07266
31.03884 -113.00618
30.97237 -113.00618
30.84919 -113.00618
30.72543 -112.99530
30.63032 -112.96206
30.54437 -112.89560
30.41088 -112.81826
30.29629 -112.79648
30.25789 -112.75236
30.15304 -112.68590
29.97084 -112.65267
29.89407 -112.63089
29.78865 -112.55355
29.77891 -112.48709
29.72103 -112.43208
29.64426 -112.42119
29.51935 -112.38797
29.41335 -112.36562
29.33601 -112.32150
29.28788 -112.27739
29.23001 -112.16737
29.14292 -112.10091
29.01744 -112.04591
28.91087 -112.01268
28.86217 -111.93533
28.80430 -111.86886
28.73612 -111.82475
28.61981 -111.78063
28.51267 -111.68151
28.44449 -111.61504
28.40553 -111.52681
28.38605 -111.47181
28.36656 -111.42769
28.36656 -111.41623
28.30812 -111.36123
28.18150 -111.27298
28.06404 -111.17329
28.00560 -111.08506
27.93742 -110.98594
27.91737 -110.89770
27.90763 -110.77624
27.88815 -110.67654
27.85892 -110.56654
27.81996 -110.51095
27.77069 -110.50006
27.68245 -110.50006
27.59422 -110.50006
27.59422 -110.51095
27.51572 -110.53330
27.44697 -110.50006
27.35873 -110.48918
27.32894 -110.45596
27.28997 -110.42272
27.25044 -110.38948
27.19143 -110.32360
27.14215 -110.24624
27.09288 -110.13566
27.05335 -110.03654
27.01381 -109.95920
26.95480 -109.89274
26.87573 -109.82684
26.77718 -109.78273
26.72733 -109.74950
26.67806 -109.67215
26.62878 -109.64980
26.62878 -109.57244
26.63853 -109.46244
26.63853 -109.39598
26.55946 -109.26362
26.44028 -109.21951
26.37095 -109.17539
26.33142 -109.06481
26.26209 -109.06481
26.17271 -109.11981
26.09307 -109.17539
26.06327 -109.23039
25.97332 -109.26362
25.86389 -109.28597
25.74414 -109.29686
25.66450 -109.27451
25.55449 -109.18628
25.54475 -109.04304
25.55449 -108.96569
25.58486 -108.89922
25.62439 -108.84422
25.64444 -108.82187
25.58486 -108.78864
25.51495 -108.81099
25.43474 -108.84422
25.36484 -108.81099
25.30468 -108.68952
25.21472 -108.51305
25.16430 -108.38012
25.14425 -108.27012
25.19467 -108.18189
25.14425 -108.12630
25.05430 -108.03807
24.96377 -107.93895
24.90361 -107.83926
24.77297 -107.81748
24.66239 -107.81748
24.59192 -107.82837
24.52144 -107.78425
24.45097 -107.69601
24.33008 -107.55220
24.22866 -107.40897
24.11751 -107.26515
24.05735 -107.17692
23.96625 -107.07778
23.88489 -106.97809
23.85452 -106.88986
23.83447 -106.86808
23.82416 -106.84575
23.79379 -106.82398
23.74337 -106.76839
23.66201 -106.73573
23.56059 -106.73573
23.51018 -106.68016
23.48955 -106.55869
23.41850 -106.50369
23.34745 -106.44868
23.26610 -106.40399
