31.96359 -114.86085
31.86963 -114.82763
31.77566 -114.73939
31.66279 -114.71761
31.60606 -114.72851
31.55909 -114.75029
31.40782 -114.75029
31.28521 -114.72851
31.11447 -114.70616
30.99128 -114.66204
30.87726 -114.56291
30.73517 -114.54057
30.58276 -114.52968
30.42978 -114.52968
30.28655 -114.48556
30.10492 -114.45233
30.09575 -114.44144
30.02814 -114.37498
29.91355 -114.29764
29.79839 -114.23174
29.71187 -114.20939
29.70213 -114.14351
29.70213 -114.06616
29.66374 -114.01058
29.58639 -113.96647
29.49987 -113.87822
29.44201 -113.77910
29.36523 -113.67941
29.24949 -113.52529
29.19105 -113.51383
29.15266 -113.50294
29.07531 -113.48060
28.99796 -113.43647
28.95900 -113.41470
28.85243 -113.34824
28.87191 -113.26001
28.78482 -113.16089
28.76534 -113.10530
28.79456 -113.07266
28.66794 -113.01707
28.55163 -112.98384
28.42501 -112.89560
28.39579 -112.86237
28.40553 -112.80737
28.38605 -112.76325
28.33734 -112.74090
28.32760 -112.70825
28.22046 -112.68590
28.10358 -112.63089
27.96664 -112.62001
27.85892 -112.59767
27.78043 -112.56443
27.69219 -112.48709
27.59422 -112.35473
27.44697 -112.21149
27.26992 -112.11180
27.14215 -112.09002
27.12210 -112.09002
27.11236 -112.06768
27.08314 -112.01268
27.05335 -111.93533
26.98459 -111.88032
26.94506 -111.88032
26.82645 -111.82475
26.70785 -111.74739
26.60873 -111.73651
26.49987 -111.62593
26.49987 -111.60415
26.56920 -111.68151
26.69811 -111.70328
26.77718 -111.70328
26.77718 -111.68151
26.77718 -111.61504
26.69811 -111.53769
26.62878 -111.44946
26.49987 -111.39445
26.42080 -111.35034
26.37095 -111.31711
26.25178 -111.29476
26.21224 -111.23976
26.11255 -111.22887
26.01343 -111.21741
25.88394 -111.19564
25.73440 -111.15151
25.69429 -111.12918
25.61465 -111.04093
25.54475 -111.00771
25.48459 -110.91948
25.44505 -110.85358
25.31499 -110.85358
25.20441 -110.85358
25.14425 -110.85358
25.15456 -110.83123
25.06404 -110.76535
24.95403 -110.68800
24.82339 -110.62153
24.66239 -110.62153
24.53176 -110.63242
24.45097 -110.61065
24.33982 -110.53330
24.24929 -110.47772
24.15819 -110.37860
24.10777 -110.27948
24.20861 -110.16890
24.23898 -110.11390
24.09746 -109.94831
23.98630 -109.78273
23.94562 -109.71626
23.86484 -109.70537
23.76342 -109.62803
23.69237 -109.56157
23.57091 -109.49567
23.47924 -109.38509
23.36751 -109.34097
23.23515 -109.36274
23.12343 -109.44010
23.01113 -109.53979
22.94008 -109.70537
22.83810 -109.80449
22.84841 -109.89274
22.97045 -109.99243
23.19447 -110.08066
23.37782 -110.15801
23.51992 -110.27948
23.60127 -110.36771
23.64195 -110.48918
23.74337 -110.59918
23.85452 -110.74300
23.95593 -110.87536
24.06709 -110.97505
24.14788 -111.10741
24.19887 -111.25065
24.24929 -111.32799
24.30945 -111.40534
24.40055 -111.50446
24.46071 -111.51592
24.48134 -111.50446
24.48134 -111.56004
24.49108 -111.61504
24.51113 -111.69240
24.56155 -111.73651
24.67270 -111.75885
24.72255 -111.85797
24.71281 -111.92445
24.70250 -111.97944
24.79303 -112.02357
24.77297 -112.06768
24.69276 -112.11180
24.79303 -112.11180
24.91392 -112.04591
