39.80439 -111.62920
39.80439 -111.62920
39.85896 -111.60043
39.91468 -111.56373
39.97039 -111.52702
40.04329 -111.55000
40.11543 -111.57573
40.18757 -111.60146
40.25190 -111.63801
40.31622 -111.67454
40.40192 -111.71619
40.48762 -111.75784
40.55175 -111.77321
40.61588 -111.78857
40.68306 -111.80466
40.75024 -111.82074
40.83745 -111.82896
40.92467 -111.83717
41.00463 -111.85211
41.08460 -111.86703
41.16953 -111.89161
41.25446 -111.91618
41.32718 -111.93783
41.39989 -111.95947
41.48500 -111.98520
41.57012 -112.01093
41.63181 -112.01738
41.69351 -112.02383
41.72319 -111.99464
41.72279 -111.95230
41.70751 -111.88103
41.69108 -111.81794
41.72465 -111.75838
41.80365 -111.73504
41.90479 -111.73392
41.96701 -111.75866
42.02922 -111.78340
42.14755 -111.79649
42.26702 -111.80114
42.36930 -111.79262
42.46052 -111.77250
42.50936 -111.71524
42.55820 -111.65798
42.63413 -111.56406
42.69823 -111.51073
42.74287 -111.46113
42.79287 -111.46531
42.86388 -111.50111
42.96313 -111.56168
43.04903 -111.62753
43.15439 -111.68967
43.22310 -111.74236
43.28075 -111.78345
43.36129 -111.79552
43.42311 -111.75907
43.51011 -111.67673
43.61658 -111.59069
43.67649 -111.54503
43.73640 -111.49936
43.79020 -111.45212
43.84401 -111.40488
43.93979 -111.35100
44.03444 -111.30527
44.13901 -111.28024
44.23901 -111.29006
44.31841 -111.31222
44.39934 -111.37093
44.44591 -111.40200
44.46770 -111.52554
44.48338 -111.64738
44.46395 -111.79556
44.45064 -111.94545
44.41227 -112.05896
44.35204 -112.16907
44.30298 -112.24601
44.25392 -112.32296
44.19021 -112.41393
44.14463 -112.51000
44.09556 -112.58694
44.05602 -112.68473
44.02343 -112.82079
43.99597 -112.86873
43.96632 -112.93994
43.92494 -112.96423
43.84988 -112.96219
43.78563 -112.97173
43.70672 -113.02569
43.65675 -113.06350
43.64429 -113.10398
43.64613 -113.17542
43.66993 -113.22703
43.69849 -113.28896
43.70416 -113.33500
43.69519 -113.39427
43.66938 -113.43950
43.61299 -113.51965
43.55185 -113.58946
43.49289 -113.68654
43.45207 -113.78918
43.41601 -113.90214
43.41399 -113.99899
43.45802 -114.07310
43.47045 -114.14825
43.49480 -114.22712
43.44805 -114.35515
43.41442 -114.44272
43.39296 -114.56971
43.35385 -114.72686
43.32618 -114.81628
43.27347 -114.94247
43.23554 -115.06488
43.22124 -115.14878
43.20693 -115.23268
43.19598 -115.37111
43.20327 -115.45815
43.21057 -115.54518
43.25724 -115.62380
43.30390 -115.70242
43.39245 -115.81352
43.45857 -115.90787
43.54305 -116.00850
43.62849 -116.09233
43.68603 -116.13950
43.74355 -116.18665
43.84395 -116.25790
43.92066 -116.32077
44.01697 -116.35569
44.08381 -116.35270
44.15065 -116.34971
44.21017 -116.33481
44.31705 -116.33737
44.43452 -116.31619
44.49686 -116.32076
44.55918 -116.32532
44.64802 -116.35807
44.74842 -116.43193
44.81736 -116.54026
44.88758 -116.67668
44.96400 -116.77855
45.05128 -116.81995
45.17157 -116.81824
45.23687 -116.82388
45.30215 -116.82954
45.35546 -116.84919
45.43428 -116.83219
45.53399 -116.80447
45.56727 -116.72463
45.60056 -116.64479
45.63878 -116.50230
45.68547 -116.41818
