24.91392 -112.04591
25.06404 -112.00122
25.19467 -111.97944
25.34478 -111.97944
25.40495 -111.97944
25.57454 -111.99033
25.69429 -112.02357
25.88394 -112.11180
26.06327 -112.20003
26.16240 -112.26650
26.16240 -112.36562
26.21224 -112.48709
26.28157 -112.58678
26.34116 -112.70825
26.45059 -112.78560
26.55946 -112.87383
26.60873 -112.92884
26.70785 -113.00618
26.77718 -112.99530
26.82645 -112.98384
26.90552 -113.01707
26.83619 -113.07266
26.76686 -113.14943
26.69811 -113.20500
26.71759 -113.32647
26.73764 -113.44793
26.79666 -113.56940
26.83619 -113.61352
26.90552 -113.65763
26.92500 -113.72353
26.97428 -113.81234
26.99433 -113.87822
26.99433 -113.91146
27.09288 -113.95558
27.14215 -114.05470
27.14215 -114.14351
27.15189 -114.22028
27.19143 -114.29764
27.26992 -114.33086
27.37821 -114.35321
27.44697 -114.39733
27.47676 -114.47467
27.49624 -114.56291
27.53520 -114.61792
27.58448 -114.66204
27.62401 -114.72851
27.67271 -114.77263
27.62401 -114.83908
27.64349 -114.88320
27.77069 -114.87175
27.76095 -114.69526
27.73173 -114.47467
27.78043 -114.28675
27.81996 -114.16528
27.74147 -114.04381
27.81996 -114.03293
27.83944 -114.06616
27.91737 -114.06616
27.97638 -114.01058
27.99586 -113.92234
28.08352 -113.93323
28.14254 -113.91146
28.18150 -113.94469
28.26916 -113.94469
28.30812 -113.93323
28.43475 -113.95558
28.51267 -114.03293
28.60033 -114.11027
28.66794 -114.16528
28.73612 -114.24263
28.83295 -114.33086
28.86217 -114.39733
28.91087 -114.45233
28.99796 -114.51880
29.05583 -114.58468
29.08505 -114.66204
29.18188 -114.71761
29.26840 -114.77263
29.30736 -114.81673
29.37497 -114.86085
29.39387 -114.93820
29.39387 -115.02644
29.48097 -115.09292
29.54800 -115.17026
29.57722 -115.28025
29.62535 -115.34673
29.68265 -115.52319
29.74051 -115.57876
29.79839 -115.61144
29.90381 -115.64466
29.97084 -115.65556
30.08601 -115.67791
30.23899 -115.71113
30.37249 -115.75525
30.39197 -115.81025
30.34384 -115.87672
30.38223 -115.89850
30.53521 -115.89850
30.68761 -115.96494
30.80163 -116.01994
30.84919 -116.08641
30.92482 -116.11966
30.94373 -116.16375
31.01993 -116.16375
31.13337 -116.20788
31.21874 -116.26287
31.32303 -116.35112
31.42673 -116.42846
31.53043 -116.51671
31.58716 -116.52816
31.69086 -116.52816
31.78483 -116.53906
31.85989 -116.59405
31.86963 -116.66053
31.93552 -116.68230
32.00083 -116.73787
32.03865 -116.79287
32.10396 -116.81464
32.17902 -116.84786
32.27299 -116.92524
32.31940 -116.92524
32.40362 -116.93611
32.45004 -117.05758
32.64369 -117.11544
