40.21565 -105.42726
40.15235 -105.42561
40.05081 -105.42632
39.93810 -105.42098
39.87371 -105.39483
39.80932 -105.36868
39.69864 -105.32735
39.61513 -105.30246
39.53161 -105.27757
39.46130 -105.24641
39.39099 -105.21526
39.32347 -105.18864
39.25594 -105.16202
39.16440 -105.11944
39.07284 -105.07687
39.01159 -105.05119
38.95033 -105.02551
38.87096 -104.99202
38.79159 -104.95851
38.67956 -104.93683
38.60458 -104.99748
38.56023 -105.06586
38.55699 -105.18074
38.54530 -105.24490
38.53935 -105.39234
38.53053 -105.49815
38.48890 -105.54135
38.44861 -105.56826
38.38803 -105.53445
38.32948 -105.47622
38.24370 -105.36446
38.18854 -105.26553
38.09514 -105.16911
37.99344 -105.10641
37.90291 -105.05357
37.82083 -105.05000
37.76244 -105.06582
37.74517 -105.11950
37.74042 -105.17494
37.78018 -105.22865
37.83805 -105.29293
37.85767 -105.35983
37.84666 -105.41439
37.81754 -105.45838
37.75357 -105.46539
37.66168 -105.42838
37.58163 -105.40107
37.51479 -105.36759
37.43120 -105.30771
37.36504 -105.26631
37.29329 -105.21611
37.21460 -105.17295
37.15892 -105.15709
37.09291 -105.18786
36.98798 -105.22919
36.87052 -105.26873
36.76068 -105.29333
36.64458 -105.31704
36.54168 -105.33459
36.47771 -105.34161
36.41373 -105.34863
36.31913 -105.34330
36.21132 -105.34413
36.12299 -105.33969
36.02212 -105.33349
35.91431 -105.32888
35.83850 -105.32663
35.75016 -105.32272
35.66182 -105.31880
35.57906 -105.32343
35.51440 -105.33826
35.46228 -105.35475
35.43113 -105.42086
35.38745 -105.48530
35.37018 -105.53763
35.38557 -105.57870
35.41213 -105.63685
35.45053 -105.70437
35.49792 -105.74187
35.53074 -105.80086
35.53090 -105.87111
35.49416 -105.92867
35.49697 -106.01269
35.52324 -106.06313
35.59172 -106.07227
35.64396 -106.05577
35.69999 -106.06325
35.73734 -106.06823
35.74655 -106.10075
35.72357 -106.19936
35.70383 -106.26713
35.68166 -106.35803
35.65787 -106.46436
35.63975 -106.51670
35.61378 -106.58363
35.60431 -106.61366
35.63139 -106.65638
35.65305 -106.69056
35.67310 -106.74017
35.68150 -106.78040
35.65336 -106.80794
35.62982 -106.85172
35.61792 -106.90489
35.63417 -106.93053
