35.40816 -114.26277
35.35461 -114.24639
35.30094 -114.23795
35.24734 -114.22555
35.18365 -114.21304
35.13338 -114.20265
35.08310 -114.19226
35.04801 -114.17804
35.01291 -114.16382
34.96954 -114.13961
34.91610 -114.11530
34.88437 -114.10110
34.85263 -114.08692
34.81926 -114.06875
34.78590 -114.05058
34.74592 -114.02617
34.70594 -114.00177
34.67770 -113.97863
34.64946 -113.95549
34.62306 -113.92140
34.59362 -113.86459
34.55405 -113.81155
34.50433 -113.76231
34.45116 -113.70786
34.42121 -113.68714
34.39126 -113.66641
34.34475 -113.62876
34.31179 -113.58369
34.28549 -113.54237
34.26205 -113.49735
34.24216 -113.45607
34.23572 -113.40736
34.22602 -113.33990
34.21618 -113.30054
34.20633 -113.26116
34.19324 -113.20119
34.18676 -113.16183
34.18026 -113.12247
34.17210 -113.08125
34.16394 -113.04002
34.15080 -112.98923
34.13430 -112.93866
34.12786 -112.88803
34.10468 -112.83361
34.07808 -112.79481
34.03475 -112.75221
34.00145 -112.71346
33.95480 -112.66310
33.92312 -112.63408
33.89145 -112.60506
33.84813 -112.55857
33.81146 -112.52373
33.77512 -112.47716
33.74832 -112.43056
33.72486 -112.38393
33.71476 -112.33333
33.70129 -112.25934
33.69784 -112.18530
33.69442 -112.12684
33.69433 -112.06836
33.67085 -112.00614
33.65576 -111.96919
33.64067 -111.93224
33.61720 -111.87839
33.60375 -111.82449
33.57693 -111.76682
33.55347 -111.71297
33.53337 -111.68031
33.51327 -111.64764
33.48649 -111.61987
33.45635 -111.57402
33.41619 -111.53200
33.38279 -111.49761
33.34583 -111.45559
33.31203 -111.39445
33.27830 -111.34097
33.25786 -111.28367
33.24399 -111.21490
33.24017 -111.15378
33.23639 -111.09647
33.24274 -111.05827
33.24910 -111.02006
33.24879 -110.98198
33.24849 -110.94389
33.24812 -110.89970
33.24776 -110.85551
33.23900 -110.80400
33.23025 -110.75249
33.22321 -110.70651
33.21617 -110.66051
33.21078 -110.61267
33.20538 -110.56483
33.20239 -110.51515
33.19939 -110.46548
33.18864 -110.42872
33.17788 -110.39196
33.16869 -110.35150
33.15951 -110.31105
33.14859 -110.26693
33.13767 -110.22279
33.12683 -110.18236
33.11599 -110.14191
33.08799 -110.07581
33.06987 -110.00595
33.05191 -109.94482
33.02406 -109.88634
32.98958 -109.82784
32.97550 -109.79131
32.96142 -109.75478
32.96426 -109.73295
32.95492 -109.68554
32.94558 -109.63813
32.94782 -109.58897
32.95006 -109.53981
32.98055 -109.47420
32.96754 -109.40491
32.95921 -109.36662
32.95089 -109.32832
32.93157 -109.26627
32.91505 -109.22974
32.89853 -109.19321
32.87514 -109.15116
32.85175 -109.10912
32.82928 -109.05070
