45.68547 -116.41818
45.73215 -116.33407
45.81028 -116.21548
45.90462 -116.11210
45.96209 -116.06894
46.01956 -116.02576
46.11220 -115.99309
46.20885 -115.98279
46.31810 -116.01722
46.38916 -116.04459
46.42752 -116.07836
46.48335 -116.15687
46.53298 -116.27099
46.58261 -116.38512
46.65593 -116.50836
46.72178 -116.63822
46.80130 -116.72585
46.88238 -116.80459
46.94908 -116.82078
47.01577 -116.83695
47.08481 -116.83979
47.15383 -116.84262
47.24140 -116.84783
47.35859 -116.86446
47.43121 -116.88293
47.49015 -116.94363
47.52977 -117.03841
47.56939 -117.10390
47.61183 -117.18978
47.68416 -117.25082
47.74494 -117.26847
47.81756 -117.29142
47.88271 -117.32058
47.89215 -117.44901
47.90314 -117.56858
47.91385 -117.72623
47.93513 -117.85995
47.96544 -117.97861
47.94618 -118.11234
47.93609 -118.23282
47.90521 -118.29574
47.89015 -118.37547
47.93754 -118.49323
47.95913 -118.58000
47.97321 -118.67299
47.98395 -118.78370
47.99723 -118.84746
48.05049 -118.83782
48.09793 -118.89126
48.13706 -118.92064
48.17532 -118.98945
48.17608 -119.08339
48.16766 -119.19855
48.16258 -119.29549
48.16501 -119.38625
48.16577 -119.48612
48.17316 -119.61917
48.18476 -119.69465
48.17974 -119.72197
